#structured triangles for project 2, PHYS 640
#map
1     1     6     7
2     1     2     7
3     2     7     8
4     2     3     8
5     3     8     9
6     3     4     9
7     4     9     10
8     4     5     10
9     6     11     12
10     6     7     12
11     7     12     13
12     7     8     13
13     8     13     14
14     8     9     14
15     9     14     15
16     9     10     15
17     11     16     17
18     11     12     17
19     12     17     18
20     12     13     18
21     13     18     19
22     13     14     19
23     14     19     20
24     14     15     20
25     16     21     22
26     16     17     22
27     17     22     23
28     17     18     23
29     18     23     24
30     18     19     24
31     19     24     25
32     19     20     25

coordinates (x, y)
1     0.0     0.0
2     1.0     0.0
3     2.0     0.0
4     3.0     0.0
5     4.0     0.0
6     0.0     1.0
7     1.0     1.0
8     2.0     1.0
9     3.0     1.0
10     4.0     1.0
11     0.0     2.0
12     1.0     2.0
13     2.0     2.0
14     3.0     2.0
15     4.0     2.0
16     0.0     3.0
17     1.0     3.0
18     2.0     3.0
19     3.0     3.0
20     4.0     3.0
21     0.0     4.0
22     1.0     4.0
23     2.0     4.0
24     3.0     4.0
25     4.0     4.0
