#elems=864
#nodes=473

#map
         1         1         2         3
         2         1         3         4
         3         1         4         5
         4         4         3         6
         5         4         6         7
         6         5         4         8
         7         7         6         9
         8         7         9        10
         9        10         9        11
        10         4         7        12
        11        10        11        13
        12         5         8        14
        13        13        11        15
        14         7        10        16
        15         4        12         8
        16        13        15        17
        17        12         7        16
        18        17        15        18
        19        14         8        19
        20        10        13        20
        21        17        18        21
        22        16        10        20
        23        21        18        22
        24         8        12        23
        25        13        17        24
        26        21        22        25
        27        12        16        23
        28        14        19        26
        29        20        13        24
        30        25        22        27
        31        17        21        28
        32         8        23        19
        33        25        27        29
        34        16        20        30
        35        24        17        28
        36        23        16        31
        37        29        27        32
        38        21        25        33
        39        26        19        34
        40        20        24        35
        41        29        32        36
        42        16        30        31
        43        28        21        33
        44        36        32        37
        45        19        23        38
        46        25        29        39
        47        30        20        35
        48        24        28        40
        49        36        37        41
        50        23        31        38
        51        33        25        39
        52        26        34        42
        53        41        37        43
        54        35        24        40
        55        29        36        44
        56        28        33        45
        57        31        30        46
        58        41        43        47
        59        19        38        34
        60        30        35        46
        61        39        29        44
        62        40        28        45
        63        47        43        48
        64        36        41        49
        65        38        31        50
        66        33        39        51
        67        42        34        52
        68        47        48        53
        69        35        40        54
        70        44        36        49
        71        31        46        50
        72        45        33        51
        73        53        48        55
        74        41        47        56
        75        46        35        54
        76        34        38        57
        77        39        44        58
        78        40        45        59
        79        53        55        60
        80        49        41        56
        81        38        50        57
        82        51        39        58
        83        42        52        61
        84        60        55        62
        85        47        53        63
        86        54        40        59
        87        44        49        64
        88        45        51        65
        89        50        46        66
        90        60        62        67
        91        56        47        63
        92        46        54        68
        93        34        57        52
        94        58        44        64
        95        67        62        69
        96        59        45        65
        97        53        60        70
        98        49        56        71
        99        57        50        72
       100        51        58        73
       101        61        52        74
       102        67        69        75
       103        66        46        68
       104        63        53        70
       105        54        59        76
       106        64        49        71
       107        50        66        72
       108        65        51        73
       109        75        69        77
       110        60        67        78
       111        56        63        79
       112        52        57        80
       113        68        54        76
       114        58        64        81
       115        75        77        82
       116        59        65        83
       117        70        60        78
       118        71        56        79
       119        57        72        80
       120        73        58        81
       121        61        74        84
       122        82        77        85
       123        67        75        86
       124        63        70        87
       125        66        68        88
       126        76        59        83
       127        64        71        89
       128        72        66        88
       129        65        73        90
       130        82        85        91
       131        78        67        86
       132        52        80        74
       133        79        63        87
       134        68        76        92
       135        81        64        89
       136        91        85        93
       137        75        82        94
       138        83        65        90
       139        70        78        95
       140        71        79        96
       141        80        72        97
       142        84        74        98
       143        73        81        99
       144        91        93       100
       145        88        68        92
       146        86        75        94
       147        87        70        95
       148        76        83       101
       149        89        71        96
       150        72        88        97
       151       100        93       102
       152        90        73        99
       153        82        91       103
       154        78        86       104
       155        74        80       105
       156        79        87       106
       157        92        76       101
       158        81        89       107
       159       100       102       108
       160       108       102       109
       161        94        82       103
       162        83        90       110
       163        95        78       104
       164        96        79       106
       165        80        97       105
       166        84        98       111
       167        99        81       107
       168       109       112       108
       169        91       100       113
       170        86        94       114
       171        88        92       115
       172        87        95       116
       173       101        83       110
       174        89        96       117
       175        97        88       118
       176       112       119       108
       177        90        99       120
       178       103        91       113
       179       100       108       119
       180       104        86       114
       181        74       105        98
       182       106        87       116
       183        92       101       121
       184       107        89       117
       185       112       122       119
       186        94       103       123
       187       110        90       120
       188        95       104       124
       189       100       119       113
       190        96       106       125
       191        88       115       118
       192       111        98       126
       193       105        97       127
       194        99       107       128
       195       115        92       121
       196       114        94       123
       197       119       122       129
       198       101       110       130
       199       116        95       124
       200       117        96       125
       201        97       118       127
       202       129       122       131
       203       120        99       128
       204       103       113       132
       205        98       105       133
       206       104       114       134
       207       113       119       135
       208       106       116       136
       209       119       129       135
       210       121       101       130
       211       107       117       137
       212       129       131       138
       213       123       103       132
       214       110       120       139
       215       124       104       134
       216       125       106       136
       217       111       126       140
       218       118       115       141
       219       105       127       133
       220       113       135       132
       221       128       107       137
       222       138       131       142
       223       135       129       138
       224       115       121       141
       225       114       123       143
       226       130       110       139
       227       116       124       144
       228       117       125       145
       229       135       138       146
       230       138       142       147
       231       127       118       148
       232       120       128       149
       233        98       133       126
       234       134       114       143
       235       136       116       144
       236       132       135       146
       237       121       130       150
       238       137       117       145
       239       147       142       151
       240       123       132       152
       241       138       147       146
       242       139       120       149
       243       124       134       153
       244       118       141       148
       245       140       126       154
       246       125       136       155
       247       133       127       156
       248       147       151       157
       249       132       146       152
       250       128       137       158
       251       141       121       150
       252       146       147       159
       253       123       152       143
       254       130       139       160
       255       144       124       153
       256       145       125       155
       257       157       151       161
       258       149       128       158
       259       127       148       156
       260       147       157       159
       261       126       133       162
       262       152       146       163
       263       134       143       164
       264       146       159       163
       265       136       144       165
       266       150       130       160
       267       137       145       166
       268       157       161       167
       269       139       149       168
       270       143       152       169
       271       159       157       170
       272       153       134       164
       273       140       154       171
       274       148       141       172
       275       155       136       165
       276       152       163       169
       277       133       156       162
       278       167       161       173
       279       163       159       174
       280       158       137       166
       281       141       150       175
       282       157       167       170
       283       160       139       168
       284       144       153       176
       285       143       169       164
       286       159       170       174
       287       145       155       177
       288       167       173       178
       289       169       163       174
       290       156       148       179
       291       149       158       180
       292       126       162       154
       293       170       167       181
       294       165       144       176
       295       150       160       182
       296       178       173       183
       297       166       145       177
       298       174       170       184
       299       172       141       175
       300       169       174       185
       301       167       178       181
       302       168       149       180
       303       171       154       186
       304       153       164       187
       305       148       172       179
       306       164       169       185
       307       155       165       188
       308       162       156       189
       309       178       183       190
       310       170       181       184
       311       158       166       191
       312       175       150       182
       313       174       184       185
       314       181       178       192
       315       160       168       193
       316       176       153       187
       317       190       183       194
       318       177       155       188
       319       164       185       187
       320       184       181       195
       321       178       190       192
       322       180       158       191
       323       154       162       196
       324       156       179       189
       325       185       184       197
       326       165       176       198
       327       182       160       193
       328       190       194       199
       329       181       192       195
       330       166       177       200
       331       172       175       201
       332       168       180       202
       333       184       195       197
       334       171       186       203
       335       192       190       204
       336       187       185       205
       337       185       197       205
       338       179       172       206
       339       162       189       196
       340       199       194       207
       341       188       165       198
       342       191       166       200
       343       175       182       208
       344       190       199       204
       345       176       187       209
       346       195       192       210
       347       193       168       202
       348       197       195       211
       349       199       207       212
       350       192       204       210
       351       177       188       213
       352       187       205       209
       353       154       196       186
       354       205       197       214
       355       189       179       215
       356       180       191       216
       357       204       199       217
       358       176       209       198
       359       195       210       211
       360       172       201       206
       361       212       207       218
       362       182       193       219
       363       201       175       208
       364       197       211       214
       365       200       177       213
       366       199       212       217
       367       210       204       220
       368       202       180       216
       369       209       205       214
       370       203       186       221
       371       179       206       215
       372       212       218       222
       373       196       189       223
       374       211       210       224
       375       204       217       220
       376       188       198       225
       377       191       200       226
       378       208       182       219
       379       214       211       227
       380       209       214       228
       381       217       212       229
       382       210       220       224
       383       198       209       228
       384       193       202       230
       385       222       218       231
       386       213       188       225
       387       212       222       229
       388       186       196       232
       389       211       224       227
       390       220       217       233
       391       216       191       226
       392       189       215       223
       393       214       227       228
       394       222       231       234
       395       206       201       235
       396       198       228       225
       397       217       229       233
       398       219       193       230
       399       224       220       236
       400       201       208       235
       401       200       213       237
       402       203       221       238
       403       202       216       239
       404       227       224       240
       405       229       222       241
       406       220       233       236
       407       215       206       242
       408       234       231       243
       409       228       227       244
       410       196       223       232
       411       222       234       241
       412       208       219       245
       413       226       200       237
       414       233       229       246
       415       224       236       240
       416       230       202       239
       417       234       243       247
       418       227       240       244
       419       229       241       246
       420       225       228       248
       421       236       233       249
       422       228       244       248
       423       213       225       250
       424       186       232       221
       425       223       215       251
       426       216       226       252
       427       241       234       253
       428       233       246       249
       429       206       235       242
       430       240       236       254
       431       247       243       255
       432       235       208       245
       433       219       230       256
       434       244       240       257
       435       234       247       253
       436       237       213       250
       437       246       241       258
       438       236       249       254
       439       238       221       259
       440       225       248       250
       441       239       216       252
       442       248       244       260
       443       247       255       261
       444       232       223       262
       445       215       242       251
       446       241       253       258
       447       240       254       257
       448       249       246       263
       449       245       219       256
       450       226       237       264
       451       244       257       260
       452       253       247       265
       453       246       258       263
       454       254       249       266
       455       230       239       267
       456       261       255       268
       457       250       248       260
       458       247       261       265
       459       221       232       269
       460       258       253       270
       461       257       254       271
       462       249       263       266
       463       223       251       262
       464       252       226       264
       465       237       250       272
       466       242       235       273
       467       260       257       274
       468       261       268       275
       469       250       276       272
       470       253       265       270
       471       235       245       277
       472       263       258       278
       473       256       230       267
       474       254       266       271
       475       238       259       279
       476       265       261       280
       477       257       271       274
       478       258       270       278
       479       239       252       281
       480       266       263       282
       481       275       268       283
       482       232       262       269
       483       251       242       284
       484       237       272       264
       485       260       274       276
       486       250       260       276
       487       261       275       280
       488       270       265       285
       489       245       256       286
       490       263       278       282
       491       271       266       287
       492       275       283       288
       493       267       239       281
       494       265       280       285
       495       274       271       289
       496       278       270       290
       497       266       282       287
       498       273       235       277
       499       221       269       259
       500       276       274       291
       501       262       251       292
       502       272       276       293
       503       280       275       294
       504       252       264       295
       505       242       273       284
       506       270       285       290
       507       271       287       289
       508       282       278       296
       509       288       283       297
       510       277       245       286
       511       264       272       293
       512       256       267       298
       513       275       288       294
       514       274       289       291
       515       285       280       299
       516       278       290       296
       517       279       259       300
       518       287       282       301
       519       276       291       293
       520       281       252       295
       521       288       297       302
       522       269       262       303
       523       280       294       299
       524       251       284       292
       525       290       285       304
       526       289       287       305
       527       282       296       301
       528       264       293       295
       529       286       256       298
       530       291       289       306
       531       294       288       307
       532       285       299       304
       533       296       290       308
       534       293       291       309
       535       302       297       310
       536       287       301       305
       537       267       281       311
       538       288       302       307
       539       273       277       312
       540       259       269       313
       541       299       294       314
       542       290       304       308
       543       289       305       306
       544       262       292       303
       545       301       296       315
       546       284       273       316
       547       302       310       317
       548       291       306       309
       549       294       307       314
       550       277       286       318
       551       304       299       319
       552       295       293       309
       553       298       267       311
       554       296       308       315
       555       305       301       320
       556       279       300       321
       557       281       295       322
       558       307       302       323
       559       299       314       319
       560       306       305       324
       561       308       304       325
       562       317       310       326
       563       269       303       313
       564       301       315       320
       565       292       284       327
       566       309       306       328
       567       302       317       323
       568       295       329       322
       569       314       307       330
       570       304       319       325
       571       286       298       331
       572       315       308       332
       573       305       320       324
       574       317       326       333
       575       273       312       316
       576       281       322       311
       577       307       323       330
       578       312       277       318
       579       319       314       334
       580       306       324       328
       581       308       325       332
       582       259       313       300
       583       320       315       335
       584       309       328       329
       585       303       292       336
       586       295       309       329
       587       323       317       337
       588       314       330       334
       589       284       316       327
       590       325       319       338
       591       333       326       339
       592       324       320       340
       593       315       332       335
       594       318       286       331
       595       317       333       337
       596       298       311       341
       597       330       323       342
       598       328       324       343
       599       319       334       338
       600       321       300       344
       601       332       325       345
       602       320       335       340
       603       329       328       346
       604       333       339       347
       605       322       329       348
       606       313       303       349
       607       323       337       342
       608       334       330       350
       609       311       322       348
       610       292       327       336
       611       325       338       345
       612       324       340       343
       613       335       332       351
       614       331       298       341
       615       337       333       347
       616       330       342       350
       617       328       343       346
       618       338       334       352
       619       316       312       353
       620       332       345       351
       621       329       346       348
       622       340       335       354
       623       312       318       353
       624       337       347       355
       625       300       313       356
       626       311       348       341
       627       342       337       357
       628       334       350       352
       629       345       338       358
       630       343       340       359
       631       303       336       349
       632       335       351       354
       633       327       316       360
       634       346       343       361
       635       350       342       362
       636       318       331       363
       637       337       355       357
       638       338       352       358
       639       348       346       364
       640       351       345       365
       641       340       354       359
       642       321       344       366
       643       342       357       362
       644       352       350       367
       645       343       359       361
       646       313       349       356
       647       345       358       365
       648       354       351       368
       649       336       327       369
       650       346       361       364
       651       350       362       367
       652       341       348       364
       653       357       355       370
       654       358       352       371
       655       331       341       372
       656       316       353       360
       657       359       354       373
       658       351       365       368
       659       353       318       363
       660       362       357       370
       661       352       367       371
       662       361       359       374
       663       300       356       344
       664       365       358       375
       665       354       368       373
       666       364       361       376
       667       341       377       372
       668       349       336       378
       669       327       360       369
       670       367       362       379
       671       362       370       380
       672       358       371       375
       673       331       372       363
       674       359       373       374
       675       368       365       381
       676       361       374       376
       677       366       344       382
       678       371       367       383
       679       365       375       381
       680       379       362       380
       681       373       368       384
       682       364       376       377
       683       356       349       385
       684       341       364       377
       685       367       379       383
       686       336       369       378
       687       375       371       386
       688       374       373       387
       689       368       381       384
       690       360       353       388
       691       376       374       389
       692       353       363       390
       693       371       383       386
       694       381       375       391
       695       377       376       392
       696       373       384       387
       697       379       380       393
       698       344       356       394
       699       372       377       395
       700       363       372       395
       701       383       379       393
       702       349       378       385
       703       374       387       389
       704       375       386       391
       705       369       360       396
       706       384       381       397
       707       376       389       392
       708       386       383       398
       709       377       392       395
       710       387       384       399
       711       381       391       397
       712       366       382       400
       713       363       395       390
       714       383       393       401
       715       356       385       394
       716       389       387       402
       717       391       386       403
       718       353       390       388
       719       378       369       404
       720       384       397       399
       721       398       383       401
       722       392       389       405
       723       360       388       396
       724       395       392       406
       725       386       398       403
       726       387       399       402
       727       397       391       407
       728       344       394       382
       729       389       402       405
       730       391       403       407
       731       399       397       408
       732       385       378       409
       733       392       405       406
       734       369       396       404
       735       390       395       406
       736       398       401       410
       737       403       398       410
       738       402       399       411
       739       397       407       408
       740       400       382       412
       741       405       402       413
       742       407       403       414
       743       394       385       415
       744       406       405       416
       745       399       408       411
       746       390       406       417
       747       388       390       417
       748       378       404       409
       749       403       410       418
       750       402       411       413
       751       396       388       417
       752       408       407       419
       753       414       403       418
       754       405       413       416
       755       382       394       420
       756       406       416       417
       757       407       414       419
       758       411       408       421
       759       385       409       415
       760       396       417       422
       761       413       411       423
       762       404       396       422
       763       408       419       421
       764       416       413       424
       765       417       416       425
       766       400       412       426
       767       411       421       423
       768       419       414       427
       769       414       418       428
       770       394       415       420
       771       413       423       424
       772       409       404       429
       773       421       419       430
       774       416       424       425
       775       417       425       422
       776       427       414       428
       777       423       421       431
       778       404       422       429
       779       419       427       430
       780       382       420       412
       781       424       423       432
       782       415       409       433
       783       421       430       431
       784       425       424       434
       785       422       425       435
       786       427       428       436
       787       423       431       432
       788       430       427       436
       789       426       412       437
       790       424       432       434
       791       420       415       438
       792       425       434       435
       793       431       430       439
       794       409       429       433
       795       422       435       429
       796       430       436       440
       797       432       431       441
       798       434       432       442
       799       439       430       440
       800       412       420       443
       801       435       434       444
       802       431       439       441
       803       415       433       438
       804       432       441       442
       805       429       435       445
       806       434       442       444
       807       426       437       446
       808       435       444       445
       809       441       439       447
       810       439       440       448
       811       420       438       443
       812       442       441       449
       813       433       429       445
       814       444       442       450
       815       447       439       448
       816       445       444       450
       817       441       447       449
       818       412       443       437
       819       433       445       451
       820       442       449       450
       821       438       433       451
       822       447       448       452
       823       445       450       451
       824       449       447       453
       825       446       437       454
       826       450       449       455
       827       443       438       456
       828       447       452       453
       829       438       451       456
       830       451       450       457
       831       449       453       455
       832       450       455       457
       833       437       443       458
       834       453       452       459
       835       455       459       460
       836       451       457       461
       837       446       454       462
       838       455       453       459
       839       457       455       463
       840       443       456       458
       841       451       461       456
       842       463       455       460
       843       461       457       464
       844       457       463       464
       845       437       458       454
       846       456       461       465
       847       463       460       466
       848       461       464       465
       849       462       454       467
       850       464       463       466
       851       458       456       465
       852       465       464       468
       853       464       466       469
       854       458       465       470
       855       454       458       470
       856       468       464       469
       857       462       467       471
       858       465       468       470
       859       454       470       467
       860       468       469       472
       861       470       468       472
       862       470       472       467
       863       471       467       473
       864       467       472       473

coordinates (x,y)
        
	 1    0.0000000000E+00    0.1934356235E+00   -0.2220446049E-15        80
         2    0.0000000000E+00    0.0000000000E+00   -0.2220446049E-15         1
         3    0.2007199313E+00    0.0000000000E+00   -0.2220446049E-15         5
         4    0.2307664431E+00    0.2323110868E+00   -0.2220446049E-15        81
         5    0.0000000000E+00    0.3868712470E+00   -0.2220446049E-15        79
         6    0.4014401369E+00    0.0000000000E+00   -0.2220446049E-15         6
         7    0.4701417837E+00    0.2038343276E+00   -0.2220446049E-15        82
         8    0.1903773943E+00    0.4675255464E+00   -0.2220446049E-15        83
         9    0.6021606170E+00    0.0000000000E+00   -0.2220446049E-15         7
        10    0.6827888954E+00    0.1980412801E+00   -0.2220446049E-15        84
        11    0.8028813715E+00    0.0000000000E+00   -0.2220446049E-15         8
        12    0.3605783846E+00    0.3748912446E+00   -0.2220446049E-15        85
        13    0.8924382372E+00    0.1887272583E+00   -0.2220446049E-15        86
        14    0.0000000000E+00    0.5875935975E+00   -0.2220446049E-15        78
        15    0.1003602400E+01    0.0000000000E+00   -0.2220446049E-15         9
        16    0.5571047240E+00    0.4132809220E+00   -0.2220446049E-15        87
        17    0.1097909221E+01    0.1837012910E+00   -0.2220446049E-15        88
        18    0.1204323704E+01    0.0000000000E+00   -0.2220446049E-15        10
        19    0.1857403724E+00    0.6714221709E+00   -0.2220446049E-15        89
        20    0.7835669382E+00    0.3769749980E+00   -0.2220446049E-15        90
        21    0.1301536089E+01    0.1803065582E+00   -0.2220446049E-15        91
        22    0.1405045282E+01    0.0000000000E+00   -0.2220446049E-15        11
        23    0.3671297510E+00    0.5544750704E+00   -0.2220446049E-15        92
        24    0.9915403348E+00    0.3671876431E+00   -0.2220446049E-15        93
        25    0.1503822879E+01    0.1779329171E+00   -0.2220446049E-15        94
        26    0.0000000000E+00    0.7883167744E+00   -0.2220446049E-15        77
        27    0.1605767134E+01    0.0000000000E+00   -0.2220446049E-15        12
        28    0.1198500709E+01    0.3608243897E+00   -0.2220446049E-15        95
        29    0.1705333133E+01    0.1763468989E+00   -0.2220446049E-15        96
        30    0.7029371471E+00    0.5424052682E+00   -0.2220446049E-15        97
        31    0.5486293626E+00    0.6402993652E+00   -0.2220446049E-15        98
        32    0.1806489260E+01    0.0000000000E+00   -0.2220446049E-15        13
        33    0.1402666826E+01    0.3561624565E+00   -0.2220446049E-15        99
        34    0.1858273417E+00    0.8741912280E+00   -0.2220446049E-15       100
        35    0.8848214050E+00    0.5473205601E+00   -0.2220446049E-15       101
        36    0.1906450060E+01    0.1753332694E+00   -0.2220446049E-15       102
        37    0.2007211662E+01    0.0000000000E+00   -0.2220446049E-15        14
        38    0.3684416037E+00    0.7576072289E+00   -0.2220446049E-15       103
        39    0.1604877444E+01    0.3529628358E+00   -0.2220446049E-15       104
        40    0.1095329955E+01    0.5405955564E+00   -0.2220446049E-15       105
        41    0.2107370318E+01    0.1747086780E+00   -0.2220446049E-15       106
        42    0.0000000000E+00    0.9890407777E+00   -0.2220446049E-15        76
        43    0.2207934337E+01    0.0000000000E+00   -0.2220446049E-15        15
        44    0.1806190582E+01    0.3508741458E+00   -0.2220446049E-15       107
        45    0.1302610832E+01    0.5340762129E+00   -0.2220446049E-15       108
        46    0.7522951556E+00    0.7326943233E+00   -0.2220446049E-15       109
        47    0.2308191766E+01    0.1743351896E+00   -0.2220446049E-15       110
        48    0.2408657289E+01    0.0000000000E+00   -0.2220446049E-15        16
        49    0.2007135496E+01    0.3495617175E+00   -0.2220446049E-15       111
        50    0.5521171032E+00    0.8430955232E+00   -0.2220446049E-15       112
        51    0.1505713156E+01    0.5294415177E+00   -0.2220446049E-15       113
        52    0.1861752852E+00    0.1076866845E+01   -0.2220446049E-15       114
        53    0.2508964592E+01    0.1741178639E+00   -0.2220446049E-15       115
        54    0.9882603460E+00    0.7218114011E+00   -0.2220446049E-15       116
        55    0.2609380516E+01    0.0000000000E+00   -0.2220446049E-15        17
        56    0.2207932261E+01    0.3487637021E+00   -0.2220446049E-15       117
        57    0.3717239917E+00    0.9602966557E+00   -0.2220446049E-15       118
        58    0.1706939680E+01    0.5263815757E+00   -0.2220446049E-15       119
        59    0.1202216011E+01    0.7124167862E+00   -0.2220446049E-15       120
        60    0.2709717043E+01    0.1739973421E+00   -0.2220446049E-15       121
        61    0.0000000000E+00    0.1189765607E+01   -0.2220446049E-15        75
        62    0.2810104020E+01    0.0000000000E+00   -0.2220446049E-15        18
        63    0.2408674427E+01    0.3482932125E+00   -0.2220446049E-15       122
        64    0.1907583780E+01    0.5244260090E+00   -0.2220446049E-15       123
        65    0.1407432222E+01    0.7060516076E+00   -0.2220446049E-15       124
        66    0.7084392452E+00    0.9265789471E+00   -0.2220446049E-15       125
        67    0.2910472360E+01    0.1739449047E+00   -0.2220446049E-15       126
        68    0.8900713706E+00    0.9085117052E+00   -0.2220446049E-15       127
        69    0.3010827799E+01    0.0000000000E+00   -0.2220446049E-15        19
        70    0.2609408532E+01    0.3480309934E+00   -0.2220446049E-15       128
        71    0.2108107280E+01    0.5232148432E+00   -0.2220446049E-15       129
        72    0.5610137755E+00    0.1041801502E+01   -0.2220446049E-15       130
        73    0.1608736041E+01    0.7019708426E+00   -0.2220446049E-15       131
        74    0.1855036259E+00    0.1279798413E+01   -0.2220446049E-15       132
        75    0.3111271326E+01    0.1739658847E+00   -0.2220446049E-15       133
        76    0.1102447200E+01    0.8925975514E+00   -0.2220446049E-15       134
        77    0.3211551855E+01    0.0000000000E+00   -0.2220446049E-15        20
        78    0.2810179302E+01    0.3479237761E+00   -0.2220446049E-15       135
        79    0.2308653118E+01    0.5224908643E+00   -0.2220446049E-15       136
        80    0.3744549073E+00    0.1163650593E+01   -0.2220446049E-15       137
        81    0.1808856534E+01    0.6993671113E+00   -0.2220446049E-15       138
        82    0.3312174603E+01    0.1740074945E+00   -0.2220446049E-15       139
        83    0.1309371916E+01    0.8834309588E+00   -0.2220446049E-15       140
        84    0.0000000000E+00    0.1390491264E+01   -0.2220446049E-15        74
        85    0.3412276186E+01    0.0000000000E+00   -0.2220446049E-15        21
        86    0.3011059326E+01    0.3479929042E+00   -0.2220446049E-15       141
        87    0.2509271002E+01    0.5220880703E+00   -0.2220446049E-15       142
        88    0.7784433268E+00    0.1109606366E+01   -0.2220446049E-15       143
        89    0.2008846840E+01    0.6977317733E+00   -0.2220446049E-15       144
        90    0.1511311385E+01    0.8779292980E+00   -0.2220446049E-15       145
        91    0.3512719357E+01    0.1730420398E+00   -0.2220446049E-15       146
        92    0.1005258928E+01    0.1074253660E+01   -0.2220446049E-15       147
        93    0.3613000794E+01    0.0000000000E+00   -0.2220446049E-15        22
        94    0.3212226199E+01    0.3484157668E+00   -0.2220446049E-15       148
        95    0.2710024738E+01    0.5219487010E+00   -0.2220446049E-15       149
        96    0.2208998147E+01    0.6967424609E+00   -0.2220446049E-15       150
        97    0.5701493900E+00    0.1246999239E+01   -0.2220446049E-15       151
        98    0.1836725435E+00    0.1482904317E+01   -0.2220446049E-15       152
        99    0.1710986098E+01    0.8745276248E+00   -0.2220446049E-15       153
       100    0.3708398231E+01    0.1665150370E+00   -0.2220446049E-15       154
       101    0.1210838592E+01    0.1062158447E+01   -0.2220446049E-15       155
       102    0.3806500397E+01    0.0000000000E+00   -0.2220446049E-15        23
       103    0.3414162413E+01    0.3492472704E+00   -0.2220446049E-15       156
       104    0.2911085146E+01    0.5221712493E+00   -0.2220446049E-15       157
       105    0.3732233100E+00    0.1369059908E+01   -0.2220446049E-15       158
       106    0.2409385202E+01    0.6962043536E+00   -0.2220446049E-15       159
       107    0.1910258041E+01    0.8723981061E+00   -0.2220446049E-15       160
       108    0.3870020263E+01    0.1412691600E+00   -0.2220446049E-15       161
       109    0.4000000000E+01    0.0000000000E+00   -0.2220446049E-15         2
       110    0.1413999029E+01    0.1054686652E+01   -0.2220446049E-15       162
       111    0.0000000000E+00    0.1591217746E+01   -0.2220446049E-15        73
       112    0.4000000000E+01    0.2007254156E+00   -0.2220446049E-15        24
       113    0.3616788820E+01    0.3464819928E+00   -0.2220446049E-15       163
       114    0.3112624982E+01    0.5229361434E+00   -0.2220446049E-15       164
       115    0.9282379040E+00    0.1238816703E+01   -0.2220446049E-15       165
       116    0.2610089424E+01    0.6960587195E+00   -0.2220446049E-15       166
       117    0.2109806147E+01    0.8711040850E+00   -0.2220446049E-15       167
       118    0.7631926768E+00    0.1338940375E+01   -0.2220446049E-15       168
       119    0.3827653916E+01    0.3295580231E+00   -0.2220446049E-15       170
       120    0.1613861047E+01    0.1050090345E+01   -0.2220446049E-15       169
       121    0.1108641222E+01    0.1242069855E+01   -0.2220446049E-15       171
       122    0.4000000000E+01    0.4014511072E+00   -0.2220446049E-15        25
       123    0.3314906049E+01    0.5251201709E+00   -0.2220446049E-15       172
       124    0.2811392492E+01    0.6965371368E+00   -0.2220446049E-15       173
       125    0.2309826402E+01    0.8704391659E+00   -0.2220446049E-15       174
       126    0.1814413387E+00    0.1685750223E+01   -0.2220446049E-15       175
       127    0.5636887486E+00    0.1458350237E+01   -0.2220446049E-15       176
       128    0.1812449474E+01    0.1047297027E+01   -0.2220446049E-15       177
       129    0.3877940189E+01    0.5107523024E+00   -0.2220446049E-15       178
       130    0.1314871211E+01    0.1233133207E+01   -0.2220446049E-15       179
       131    0.4000000000E+01    0.6021770749E+00   -0.2220446049E-15        26
       132    0.3520126822E+01    0.5309452886E+00   -0.2220446049E-15       180
       133    0.3685734383E+00    0.1575003028E+01   -0.2220446049E-15       181
       134    0.3014018606E+01    0.6983065303E+00   -0.2220446049E-15       182
       135    0.3720707527E+01    0.5246531462E+00   -0.2220446049E-15       183
       136    0.2510527170E+01    0.8704086730E+00   -0.2220446049E-15       184
       137    0.2011202671E+01    0.1045619642E+01   -0.2220446049E-15       185
       138    0.3844846674E+01    0.6801326914E+00   -0.2220446049E-15       186
       139    0.1516886138E+01    0.1226456449E+01   -0.2220446049E-15       187
       140    0.0000000000E+00    0.1791945055E+01   -0.2220446049E-15        72
       141    0.9730048910E+00    0.1435287875E+01   -0.2220446049E-15       188
       142    0.4000000000E+01    0.8029033185E+00   -0.2220446049E-15        27
       143    0.3217458212E+01    0.7005871454E+00   -0.2220446049E-15       189
       144    0.2712210063E+01    0.8711763608E+00   -0.2220446049E-15       190
       145    0.2210650840E+01    0.1044839400E+01   -0.2220446049E-15       191
       146    0.3640638677E+01    0.7376264664E+00   -0.2220446049E-15       192
       147    0.3827731593E+01    0.8826382392E+00   -0.2220446049E-15       193
       148    0.7535174928E+00    0.1552776063E+01   -0.2220446049E-15       194
       149    0.1715428630E+01    0.1222563578E+01   -0.2220446049E-15       195
       150    0.1210378356E+01    0.1416137462E+01   -0.2220446049E-15       196
       151    0.4000000000E+01    0.1003629838E+01   -0.2220446049E-15        28
       152    0.3419489947E+01    0.7055535429E+00   -0.2220446049E-15       197
       153    0.2915574055E+01    0.8738014125E+00   -0.2220446049E-15       198
       154    0.1794739318E+00    0.1888124010E+01   -0.2220446049E-15       199
       155    0.2411283979E+01    0.1045128568E+01   -0.2220446049E-15       200
       156    0.5549792401E+00    0.1667142913E+01   -0.2220446049E-15       201
       157    0.3824427120E+01    0.1088803102E+01   -0.2220446049E-15       202
       158    0.1913345184E+01    0.1220339165E+01   -0.2220446049E-15       203
       159    0.3651087103E+01    0.9654735118E+00   -0.2220446049E-15       204
       160    0.1418931984E+01    0.1404663983E+01   -0.2220446049E-15       205
       161    0.4000000000E+01    0.1204356634E+01   -0.2220446049E-15        29
       162    0.3637383211E+00    0.1779930555E+01   -0.2220446049E-15       206
       163    0.3501638821E+01    0.8656628702E+00   -0.2220446049E-15       207
       164    0.3123682209E+01    0.8812483080E+00   -0.2220446049E-15       208
       165    0.2614070587E+01    0.1046997067E+01   -0.2220446049E-15       209
       166    0.2111931846E+01    0.1219339748E+01   -0.2220446049E-15       210
       167    0.3821214664E+01    0.1292045640E+01   -0.2220446049E-15       211
       168    0.1618951647E+01    0.1398535481E+01   -0.2220446049E-15       212
       169    0.3329581161E+01    0.8793793165E+00   -0.2220446049E-15       213
       170    0.3642408859E+01    0.1169354230E+01   -0.2220446049E-15       214
       171    0.0000000000E+00    0.1992673191E+01   -0.2220446049E-15        71
       172    0.9257244636E+00    0.1663335934E+01   -0.2220446049E-15       215
       173    0.4000000000E+01    0.1405083705E+01   -0.2220446049E-15        30
       174    0.3470980274E+01    0.1037004040E+01   -0.2220446049E-15       216
       175    0.1119111769E+01    0.1605150854E+01   -0.2220446049E-15       217
       176    0.2818765238E+01    0.1049632374E+01   -0.2220446049E-15       218
       177    0.2312079797E+01    0.1220263370E+01   -0.2220446049E-15       219
       178    0.3819628194E+01    0.1495124385E+01   -0.2220446049E-15       220
       179    0.7375605970E+00    0.1763428608E+01   -0.2220446049E-15       221
       180    0.1816368516E+01    0.1395419076E+01   -0.2220446049E-15       222
       181    0.3636227735E+01    0.1374948315E+01   -0.2220446049E-15       223
       182    0.1321836626E+01    0.1585917444E+01   -0.2220446049E-15       224
       183    0.4000000000E+01    0.1605811053E+01   -0.2220446049E-15        31
       184    0.3451707888E+01    0.1242609194E+01   -0.2220446049E-15       225
       185    0.3252549513E+01    0.1090241160E+01   -0.2220446049E-15       226
       186    0.1779222016E+00    0.2090075670E+01   -0.2220446049E-15       227
       187    0.3023873583E+01    0.1055505192E+01   -0.2220446049E-15       228
       188    0.2515478996E+01    0.1223838517E+01   -0.2220446049E-15       229
       189    0.5470576969E+00    0.1873774446E+01   -0.2220446049E-15       230
       190    0.3819543972E+01    0.1698085646E+01   -0.2220446049E-15       231
       191    0.2013986281E+01    0.1393971755E+01   -0.2220446049E-15       232
       192    0.3634369149E+01    0.1581019114E+01   -0.2220446049E-15       233
       193    0.1522860796E+01    0.1575917341E+01   -0.2220446049E-15       234
       194    0.4000000000E+01    0.1806538677E+01   -0.2220446049E-15        32
       195    0.3447059935E+01    0.1453075441E+01   -0.2220446049E-15       235
       196    0.3597294590E+00    0.1983839982E+01   -0.2220446049E-15       236
       197    0.3264937586E+01    0.1320509601E+01   -0.2220446049E-15       237
       198    0.2725521883E+01    0.1231708475E+01   -0.2220446049E-15       238
       199    0.3820280842E+01    0.1900772586E+01   -0.2220446049E-15       239
       200    0.2212679190E+01    0.1394749548E+01   -0.2220446049E-15       240
       201    0.1057836325E+01    0.1771168627E+01   -0.2220446049E-15       241
       202    0.1720251232E+01    0.1571080496E+01   -0.2220446049E-15       242
       203    0.0000000000E+00    0.2193402153E+01   -0.2220446049E-15        70
       204    0.3634876919E+01    0.1786631208E+01   -0.2220446049E-15       243
       205    0.3109973855E+01    0.1217246071E+01   -0.2220446049E-15       244
       206    0.9113867993E+00    0.1864256335E+01   -0.2220446049E-15       245
       207    0.4000000000E+01    0.2007266576E+01   -0.2220446049E-15        33
       208    0.1227090327E+01    0.1768269946E+01   -0.2220446049E-15       246
       209    0.2934375113E+01    0.1230093235E+01   -0.2220446049E-15       247
       210    0.3444336162E+01    0.1661193349E+01   -0.2220446049E-15       248
       211    0.3256464267E+01    0.1527306543E+01   -0.2220446049E-15       249
       212    0.3821354259E+01    0.2103130795E+01   -0.2220446049E-15       250
       213    0.2415389503E+01    0.1402388714E+01   -0.2220446049E-15       251
       214    0.3080174128E+01    0.1389979019E+01   -0.2220446049E-15       252
       215    0.7285250885E+00    0.1969411142E+01   -0.2220446049E-15       253
       216    0.1917185879E+01    0.1569405207E+01   -0.2220446049E-15       254
       217    0.3636888746E+01    0.1991789094E+01   -0.2220446049E-15       255
       218    0.4000000000E+01    0.2207994752E+01   -0.2220446049E-15        34
       219    0.1427064954E+01    0.1755674001E+01   -0.2220446049E-15       256
       220    0.3444884372E+01    0.1869391928E+01   -0.2220446049E-15       257
       221    0.1767491025E+00    0.2291697441E+01   -0.2220446049E-15       258
       222    0.3822453901E+01    0.2305145262E+01   -0.2220446049E-15       259
       223    0.5412066271E+00    0.2078839738E+01   -0.2220446049E-15       260
       224    0.3250991140E+01    0.1736584526E+01   -0.2220446049E-15       261
       225    0.2623998676E+01    0.1411345062E+01   -0.2220446049E-15       262
       226    0.2114875115E+01    0.1569036976E+01   -0.2220446049E-15       263
       227    0.3061631203E+01    0.1597658743E+01   -0.2220446049E-15       264
       228    0.2858357700E+01    0.1443564012E+01   -0.2220446049E-15       265
       229    0.3639567170E+01    0.2196325416E+01   -0.2220446049E-15       266
       230    0.1624988975E+01    0.1747830201E+01   -0.2220446049E-15       267
       231    0.4000000000E+01    0.2408723203E+01   -0.2220446049E-15        35
       232    0.3566225702E+00    0.2186963736E+01   -0.2220446049E-15       268
       233    0.3448035204E+01    0.2077370274E+01   -0.2220446049E-15       269
       234    0.3823421434E+01    0.2506844321E+01   -0.2220446049E-15       270
       235    0.1106889846E+01    0.1959568280E+01   -0.2220446049E-15       271
       236    0.3250874188E+01    0.1947018041E+01   -0.2220446049E-15       272
       237    0.2311214192E+01    0.1572737564E+01   -0.2220446049E-15       273
       238    0.0000000000E+00    0.2394131941E+01   -0.2220446049E-15        69
       239    0.1820910064E+01    0.1745047567E+01   -0.2220446049E-15       274
       240    0.3057648365E+01    0.1810629967E+01   -0.2220446049E-15       275
       241    0.3642298182E+01    0.2400156244E+01   -0.2220446049E-15       276
       242    0.9070446675E+00    0.2069242748E+01   -0.2220446049E-15       277
       243    0.4000000000E+01    0.2609451931E+01   -0.2220446049E-15        36
       244    0.2874186947E+01    0.1676976888E+01   -0.2220446049E-15       278
       245    0.1330094396E+01    0.1939611916E+01   -0.2220446049E-15       279
       246    0.3452520106E+01    0.2284665590E+01   -0.2220446049E-15       280
       247    0.3824201713E+01    0.2708280025E+01   -0.2220446049E-15       281
       248    0.2714299790E+01    0.1577109973E+01   -0.2220446049E-15       282
       249    0.3254212038E+01    0.2157416671E+01   -0.2220446049E-15       283
       250    0.2523338089E+01    0.1609032586E+01   -0.2220446049E-15       284
       251    0.7219045104E+00    0.2174877163E+01   -0.2220446049E-15       285
       252    0.2019620920E+01    0.1748220851E+01   -0.2220446049E-15       286
       253    0.3644744250E+01    0.2603304780E+01   -0.2220446049E-15       287
       254    0.3055640426E+01    0.2021620903E+01   -0.2220446049E-15       288
       255    0.4000000000E+01    0.2810180935E+01   -0.2220446049E-15        37
       256    0.1530788227E+01    0.1927184109E+01   -0.2220446049E-15       289
       257    0.2868096783E+01    0.1885650126E+01   -0.2220446049E-15       290
       258    0.3457374513E+01    0.2491034665E+01   -0.2220446049E-15       291
       259    0.1758886473E+00    0.2493068505E+01   -0.2220446049E-15       292
       260    0.2696131170E+01    0.1755837312E+01   -0.2220446049E-15       293
       261    0.3824797026E+01    0.2909509915E+01   -0.2220446049E-15       294
       262    0.5366327862E+00    0.2283007914E+01   -0.2220446049E-15       295
       263    0.3259924686E+01    0.2367480401E+01   -0.2220446049E-15       296
       264    0.2217533588E+01    0.1743829993E+01   -0.2220446049E-15       297
       265    0.3646768345E+01    0.2805855745E+01   -0.2220446049E-15       298
       266    0.3057437127E+01    0.2233227796E+01   -0.2220446049E-15       299
       267    0.1726168355E+01    0.1921153889E+01   -0.2220446049E-15       300
       268    0.4000000000E+01    0.3010910214E+01   -0.2220446049E-15        38
       269    0.3542431684E+00    0.2389493666E+01   -0.2220446049E-15       301
       270    0.3461964530E+01    0.2696388265E+01   -0.2220446049E-15       302
       271    0.2861935722E+01    0.2095292322E+01   -0.2220446049E-15       303
       272    0.2384276226E+01    0.1730331131E+01   -0.2220446049E-15       304
       273    0.1070308335E+01    0.2182514720E+01   -0.2220446049E-15       305
       274    0.2683489489E+01    0.1961398219E+01   -0.2220446049E-15       306
       275    0.3825249342E+01    0.3110588411E+01   -0.2220446049E-15       307
       276    0.2521360881E+01    0.1831526840E+01   -0.2220446049E-15       314
       277    0.1248926633E+01    0.2127611457E+01   -0.2220446049E-15       308
       278    0.3266813603E+01    0.2576750926E+01   -0.2220446049E-15       309
       279    0.0000000000E+00    0.2594862556E+01   -0.2220446049E-15        68
       280    0.3648360310E+01    0.3007921680E+01   -0.2220446049E-15       310
       281    0.1919324652E+01    0.1921255040E+01   -0.2220446049E-15       311
       282    0.3062954198E+01    0.2445308893E+01   -0.2220446049E-15       312
       283    0.4000000000E+01    0.3211639770E+01   -0.2220446049E-15        39
       284    0.8969492060E+00    0.2275335028E+01   -0.2220446049E-15       313
       285    0.3465955350E+01    0.2900766799E+01   -0.2220446049E-15       315
       286    0.1439658033E+01    0.2108822377E+01   -0.2220446049E-15       316
       287    0.2860078622E+01    0.2306565308E+01   -0.2220446049E-15       317
       288    0.3825738505E+01    0.3311549126E+01   -0.2220446049E-15       318
       289    0.2670747320E+01    0.2168706010E+01   -0.2220446049E-15       319
       290    0.3273862423E+01    0.2784902831E+01   -0.2220446049E-15       320
       291    0.2499451163E+01    0.2034230390E+01   -0.2220446049E-15       321
       292    0.7163504519E+00    0.2379380399E+01   -0.2220446049E-15       322
       293    0.2343914356E+01    0.1899143703E+01   -0.2220446049E-15       323
       294    0.3649630704E+01    0.3209643498E+01   -0.2220446049E-15       324
       295    0.2132131117E+01    0.1951705221E+01   -0.2220446049E-15       325
       296    0.3070990261E+01    0.2657207869E+01   -0.2220446049E-15       326
       297    0.4000000000E+01    0.3412369602E+01   -0.2220446049E-15        40
       298    0.1634354805E+01    0.2102915185E+01   -0.2220446049E-15       327
       299    0.3469240960E+01    0.3104303520E+01   -0.2220446049E-15       328
       300    0.1753002855E+00    0.2694254536E+01   -0.2220446049E-15       329
       301    0.2863553607E+01    0.2519429021E+01   -0.2220446049E-15       330
       302    0.3827240906E+01    0.3512068545E+01   -0.2220446049E-15       331
       303    0.5331499671E+00    0.2486376846E+01   -0.2220446049E-15       332
       304    0.3280394771E+01    0.2991813061E+01   -0.2220446049E-15       333
       305    0.2663680139E+01    0.2378627524E+01   -0.2220446049E-15       334
       306    0.2480107674E+01    0.2240456524E+01   -0.2220446049E-15       335
       307    0.3651141418E+01    0.3411290073E+01   -0.2220446049E-15       336
       308    0.3080147967E+01    0.2868288141E+01   -0.2220446049E-15       337
       309    0.2310363472E+01    0.2102625136E+01   -0.2220446049E-15       338
       310    0.4000000000E+01    0.3613099709E+01   -0.2220446049E-15        41
       311    0.1827330609E+01    0.2093948067E+01   -0.2220446049E-15       339
       312    0.1196298535E+01    0.2290386802E+01   -0.2220446049E-15       340
       313    0.3525169768E+00    0.2591551990E+01   -0.2220446049E-15       341
       314    0.3471943846E+01    0.3307253169E+01   -0.2220446049E-15       342
       315    0.2871256682E+01    0.2733118353E+01   -0.2220446049E-15       343
       316    0.1062679006E+01    0.2378162417E+01   -0.2220446049E-15       344
       317    0.3833972492E+01    0.3708045332E+01   -0.2220446049E-15       345
       318    0.1353193317E+01    0.2288050841E+01   -0.2220446049E-15       346
       319    0.3286053623E+01    0.3197573607E+01   -0.2220446049E-15       347
       320    0.2663604377E+01    0.2591187159E+01   -0.2220446049E-15       348
       321    0.0000000000E+00    0.2795593997E+01   -0.2220446049E-15        67
       322    0.1991523042E+01    0.2077883070E+01   -0.2220446049E-15       349
       323    0.3655513559E+01    0.3613785061E+01   -0.2220446049E-15       350
       324    0.2468480214E+01    0.2449654848E+01   -0.2220446049E-15       351
       325    0.3089306260E+01    0.3078158237E+01   -0.2220446049E-15       352
       326    0.4000000000E+01    0.3806549855E+01   -0.2220446049E-15        42
       327    0.8930075120E+00    0.2477129041E+01   -0.2220446049E-15       353
       328    0.2290743377E+01    0.2311911807E+01   -0.2220446049E-15       354
       329    0.2128196565E+01    0.2178818368E+01   -0.2220446049E-15       361
       330    0.3474769325E+01    0.3510021125E+01   -0.2220446049E-15       355
       331    0.1538495298E+01    0.2278969408E+01   -0.2220446049E-15       356
       332    0.2881495446E+01    0.2946711315E+01   -0.2220446049E-15       357
       333    0.3859020019E+01    0.3869995618E+01   -0.2220446049E-15       358
       334    0.3290700757E+01    0.3402664633E+01   -0.2220446049E-15       359
       335    0.2669363387E+01    0.2805596424E+01   -0.2220446049E-15       360
       336    0.7131859258E+00    0.2582650973E+01   -0.2220446049E-15       362
       337    0.3671707825E+01    0.3826405680E+01   -0.2220446049E-15       363
       338    0.3097635946E+01    0.3286813953E+01   -0.2220446049E-15       364
       339    0.4000000000E+01    0.4000000000E+01   -0.2220446049E-15         3
       340    0.2464160107E+01    0.2661336662E+01   -0.2220446049E-15       365
       341    0.1743472252E+01    0.2302598002E+01   -0.2220446049E-15       366
       342    0.3479881948E+01    0.3710795200E+01   -0.2220446049E-15       367
       343    0.2274815670E+01    0.2519887431E+01   -0.2220446049E-15       368
       344    0.1749934533E+00    0.2895324269E+01   -0.2220446049E-15       369
       345    0.2892696075E+01    0.3159566532E+01   -0.2220446049E-15       370
       346    0.2103826869E+01    0.2382691628E+01   -0.2220446049E-15       371
       347    0.3799269084E+01    0.4000000000E+01   -0.2220446049E-15        43
       348    0.1950490471E+01    0.2247421106E+01   -0.2220446049E-15       372
       349    0.5309954403E+00    0.2689084257E+01   -0.2220446049E-15       373
       350    0.3294272810E+01    0.3608646777E+01   -0.2220446049E-15       374
       351    0.2679236501E+01    0.3020905983E+01   -0.2220446049E-15       375
       352    0.3104135537E+01    0.3494817996E+01   -0.2220446049E-15       376
       353    0.1245634070E+01    0.2470401638E+01   -0.2220446049E-15       377
       354    0.2466728620E+01    0.2875594432E+01   -0.2220446049E-15       378
       355    0.3598537894E+01    0.4000000000E+01   -0.2220446049E-15        44
       356    0.3515103627E+00    0.2793277418E+01   -0.2220446049E-15       379
       357    0.3488128755E+01    0.3874089769E+01   -0.2220446049E-15       380
       358    0.2903246784E+01    0.3371802503E+01   -0.2220446049E-15       381
       359    0.2265815616E+01    0.2730330636E+01   -0.2220446049E-15       382
       360    0.1065855359E+01    0.2573047807E+01   -0.2220446049E-15       383
       361    0.2082617955E+01    0.2589230188E+01   -0.2220446049E-15       384
       362    0.3296638634E+01    0.3824667681E+01   -0.2220446049E-15       385
       363    0.1448571755E+01    0.2450725987E+01   -0.2220446049E-15       386
       364    0.1915403247E+01    0.2450623334E+01   -0.2220446049E-15       387
       365    0.2691267681E+01    0.3236443366E+01   -0.2220446049E-15       388
       366    0.0000000000E+00    0.2996326265E+01   -0.2220446049E-15        66
       367    0.3106727016E+01    0.3700989665E+01   -0.2220446049E-15       389
       368    0.2474782892E+01    0.3091803538E+01   -0.2220446049E-15       390
       369    0.8945082681E+00    0.2677781879E+01   -0.2220446049E-15       391
       370    0.3397806430E+01    0.4000000000E+01   -0.2220446049E-15        45
       371    0.2910272312E+01    0.3585588031E+01   -0.2220446049E-15       392
       372    0.1606832871E+01    0.2430272400E+01   -0.2220446049E-15       393
       373    0.2264380951E+01    0.2943857945E+01   -0.2220446049E-15       394
       374    0.2069132873E+01    0.2798663628E+01   -0.2220446049E-15       395
       375    0.2702688318E+01    0.3452774318E+01   -0.2220446049E-15       396
       376    0.1893171939E+01    0.2659039196E+01   -0.2220446049E-15       397
       377    0.1736147969E+01    0.2526921853E+01   -0.2220446049E-15       404
       378    0.7130454566E+00    0.2785286818E+01   -0.2220446049E-15       398
       379    0.3103838566E+01    0.3869457173E+01   -0.2220446049E-15       399
       380    0.3197074691E+01    0.4000000000E+01   -0.2220446049E-15        46
       381    0.2485973592E+01    0.3309830955E+01   -0.2220446049E-15       400
       382    0.1749229041E+00    0.3096334285E+01   -0.2220446049E-15       401
       383    0.2908008045E+01    0.3812534373E+01   -0.2220446049E-15       402
       384    0.2269340753E+01    0.3160196585E+01   -0.2220446049E-15       403
       385    0.5307455363E+00    0.2891522181E+01   -0.2220446049E-15       405
       386    0.2708455198E+01    0.3670690368E+01   -0.2220446049E-15       406
       387    0.2063056412E+01    0.3010916744E+01   -0.2220446049E-15       407
       388    0.1213417341E+01    0.2660448817E+01   -0.2220446049E-15       408
       389    0.1874432658E+01    0.2866340794E+01   -0.2220446049E-15       409
       390    0.1379696431E+01    0.2636446589E+01   -0.2220446049E-15       410
       391    0.2495641975E+01    0.3533177411E+01   -0.2220446049E-15       411
       392    0.1706927355E+01    0.2727653541E+01   -0.2220446049E-15       412
       393    0.2996342678E+01    0.4000000000E+01   -0.2220446049E-15        47
       394    0.3514744318E+00    0.2994939476E+01   -0.2220446049E-15       413
       395    0.1564400396E+01    0.2594357518E+01   -0.2220446049E-15       414
       396    0.1078876917E+01    0.2767621385E+01   -0.2220446049E-15       415
       397    0.2277790156E+01    0.3379677801E+01   -0.2220446049E-15       416
       398    0.2705320223E+01    0.3853809291E+01   -0.2220446049E-15       417
       399    0.2063958405E+01    0.3226687896E+01   -0.2220446049E-15       418
       400    0.0000000000E+00    0.3197059359E+01   -0.2220446049E-15        65
       401    0.2795610390E+01    0.4000000000E+01   -0.2220446049E-15        48
       402    0.1862924967E+01    0.3076869853E+01   -0.2220446049E-15       419
       403    0.2495747425E+01    0.3782192580E+01   -0.2220446049E-15       420
       404    0.9015854566E+00    0.2878652093E+01   -0.2220446049E-15       421
       405    0.1680004578E+01    0.2931899612E+01   -0.2220446049E-15       422
       406    0.1515493625E+01    0.2788435402E+01   -0.2220446049E-15       423
       407    0.2281651035E+01    0.3603629359E+01   -0.2220446049E-15       424
       408    0.2069036257E+01    0.3446394946E+01   -0.2220446049E-15       425
       409    0.7171965934E+00    0.2988522297E+01   -0.2220446049E-15       426
       410    0.2594877827E+01    0.4000000000E+01   -0.2220446049E-15        49
       411    0.1859327565E+01    0.3292288371E+01   -0.2220446049E-15       427
       412    0.1745001481E+00    0.3297023445E+01   -0.2220446049E-15       428
       413    0.1663285208E+01    0.3141661204E+01   -0.2220446049E-15       429
       414    0.2257508175E+01    0.3817366904E+01   -0.2220446049E-15       430
       415    0.5334383366E+00    0.3095020920E+01   -0.2220446049E-15       431
       416    0.1481233104E+01    0.2995923955E+01   -0.2220446049E-15       432
       417    0.1293428582E+01    0.2841681684E+01   -0.2220446049E-15       433
       418    0.2394144991E+01    0.4000000000E+01   -0.2220446049E-15        50
       419    0.2072466311E+01    0.3666884989E+01   -0.2220446049E-15       434
       420    0.3520062095E+00    0.3196883351E+01   -0.2220446049E-15       435
       421    0.1861375221E+01    0.3516421449E+01   -0.2220446049E-15       436
       422    0.1097195296E+01    0.2968165807E+01   -0.2220446049E-15       437
       423    0.1655297522E+01    0.3356710431E+01   -0.2220446049E-15       438
       424    0.1465267638E+01    0.3207757742E+01   -0.2220446049E-15       439
       425    0.1285012232E+01    0.3073954504E+01   -0.2220446049E-15       440
       426    0.0000000000E+00    0.3397793279E+01   -0.2220446049E-15        64
       427    0.2080126031E+01    0.3851494288E+01   -0.2220446049E-15       441
       428    0.2193411880E+01    0.4000000000E+01   -0.2220446049E-15        51
       429    0.9130614857E+00    0.3081697745E+01   -0.2220446049E-15       442
       430    0.1869046926E+01    0.3771589176E+01   -0.2220446049E-15       443
       431    0.1649928102E+01    0.3579567793E+01   -0.2220446049E-15       444
       432    0.1453293468E+01    0.3418840698E+01   -0.2220446049E-15       445
       433    0.7285603106E+00    0.3197718088E+01   -0.2220446049E-15       446
       434    0.1276131820E+01    0.3278637799E+01   -0.2220446049E-15       447
       435    0.1103665174E+01    0.3170478134E+01   -0.2220446049E-15       448
       436    0.1992678494E+01    0.4000000000E+01   -0.2220446049E-15        52
       437    0.1732977660E+00    0.3496527845E+01   -0.2220446049E-15       449
       438    0.5368973347E+00    0.3302427401E+01   -0.2220446049E-15       450
       439    0.1628408491E+01    0.3800613315E+01   -0.2220446049E-15       451
       440    0.1791944834E+01    0.4000000000E+01   -0.2220446049E-15        53
       441    0.1440255260E+01    0.3630700458E+01   -0.2220446049E-15       452
       442    0.1255101853E+01    0.3478181764E+01   -0.2220446049E-15       453
       443    0.3494444515E+00    0.3397378251E+01   -0.2220446049E-15       454
       444    0.1116832898E+01    0.3345669751E+01   -0.2220446049E-15       455
       445    0.9381987008E+00    0.3290627748E+01   -0.2220446049E-15       456
       446    0.0000000000E+00    0.3598528026E+01   -0.2220446049E-15        63
       447    0.1424345738E+01    0.3830487035E+01   -0.2220446049E-15       457
       448    0.1591210898E+01    0.4000000000E+01   -0.2220446049E-15        54
       449    0.1240479821E+01    0.3685998090E+01   -0.2220446049E-15       458
       450    0.1025322274E+01    0.3524850543E+01   -0.2220446049E-15       459
       451    0.7477675079E+00    0.3437355190E+01   -0.2220446049E-15       460
       452    0.1390476686E+01    0.4000000000E+01   -0.2220446049E-15        55
       453    0.1257844813E+01    0.3862862211E+01   -0.2220446049E-15       461
       454    0.1739100159E+00    0.3693210432E+01   -0.2220446049E-15       462
       455    0.1055319250E+01    0.3794978969E+01   -0.2220446049E-15       463
       456    0.5217864856E+00    0.3502027599E+01   -0.2220446049E-15       464
       457    0.8356647120E+00    0.3663936364E+01   -0.2220446049E-15       465
       458    0.3441303826E+00    0.3593601509E+01   -0.2220446049E-15       466
       459    0.1189742198E+01    0.4000000000E+01   -0.2220446049E-15        56
       460    0.9890074336E+00    0.4000000000E+01   -0.2220446049E-15        57
       461    0.6553126049E+00    0.3612572392E+01   -0.2220446049E-15       467
       462    0.0000000000E+00    0.3799263600E+01   -0.2220446049E-15        62
       463    0.8664656246E+00    0.3848331153E+01   -0.2220446049E-15       468
       464    0.6755187051E+00    0.3805347602E+01   -0.2220446049E-15       469
       465    0.5055248076E+00    0.3689381089E+01   -0.2220446049E-15       470
       466    0.7882723935E+00    0.4000000000E+01   -0.2220446049E-15        58
       467    0.1828593431E+00    0.3880652021E+01   -0.2220446049E-15       471
       468    0.4997944614E+00    0.3855177733E+01   -0.2220446049E-15       472
       469    0.5875370774E+00    0.4000000000E+01   -0.2220446049E-15        59
       470    0.3474833657E+00    0.3785725555E+01   -0.2220446049E-15       473
       471    0.0000000000E+00    0.4000000000E+01   -0.2220446049E-15         4
       472    0.3868014852E+00    0.4000000000E+01   -0.2220446049E-15        60
       473    0.1934007426E+00    0.4000000000E+01   -0.2220446049E-15        61
