Table of comparison: structured rectangle, structured triangle, analytic
Contains entries for each method in form T/T0

Node      rect      tri       analytic 
1         0         0         0        
2         0         0         0        
3         0         0         0        
4         0         0         0        
5         0         0         0        
6         0         0         0        
7         0         0         0        
8         0         0         0        
9         0         0         0        
10        0         0         0        
11        0         0         0        
12        0         0         0        
13        0         0         0        
14        0         0         0        
15        0         0         0        
16        0         0         0        
17        0         0         0        
18        0.048214  -1.7928   0.042729 
19        0.047982  -1.7842   0.042523 
20        0.047288  -1.7583   0.041908 
21        0.046138  -1.7156   0.040889 
22        0.044544  -1.6563   0.039477 
23        0.042521  -1.5811   0.037684 
24        0.040088  -1.4907   0.035528 
25        0.03727   -1.3858   0.03303  
26        0.034092  -1.2677   0.030214 
27        0.030587  -1.1373   0.027107 
28        0.026786  -0.99602  0.023739 
29        0.022728  -0.84512  0.020142 
30        0.018451  -0.68607  0.016352 
31        0.013996  -0.52042  0.012404 
32        0.0094061 -0.34976  0.008336 
33        0.0047258 -0.17572  0.0041882
34        0         0         2.6164e-18
35        0.096738  -0.13247  0.08587  
36        0.096272  -0.13183  0.085457 
37        0.094879  -0.12993  0.08422  
38        0.092572  -0.12677  0.082173 
39        0.089374  -0.12239  0.079334 
40        0.085315  -0.11683  0.075731 
41        0.080435  -0.11015  0.071399 
42        0.074779  -0.1024   0.066379 
43        0.068404  -0.093671 0.06072  
44        0.06137   -0.084039 0.054476 
45        0.053745  -0.073597 0.047707 
46        0.045602  -0.062446 0.040479 
47        0.03702   -0.050694 0.032861 
48        0.028082  -0.038454 0.024927 
49        0.018873  -0.025844 0.016752 
50        0.009482  -0.012984 0.0084168
51        0         0         5.258e-18
52        0.14588   1.783     0.12984  
53        0.14518   1.7744    0.12921  
54        0.14308   1.7487    0.12735  
55        0.1396    1.7062    0.12425  
56        0.13478   1.6473    0.11996  
57        0.12866   1.5725    0.11451  
58        0.1213    1.4825    0.10796  
59        0.11277   1.3783    0.10037  
60        0.10316   1.2608    0.091811 
61        0.092548  1.1311    0.08237  
62        0.081049  0.99059   0.072135 
63        0.068769  0.8405    0.061206 
64        0.055827  0.68233   0.049688 
65        0.042348  0.51758   0.037691 
66        0.028461  0.34785   0.025331 
67        0.014299  0.17477   0.012727 
68        0         0         7.9504e-18
69        0.19597   0.26422   0.17506  
70        0.19502   0.26295   0.17422  
71        0.1922    0.25914   0.1717   
72        0.18753   0.25284   0.16752  
73        0.18105   0.24411   0.16174  
74        0.17283   0.23302   0.15439  
75        0.16294   0.21969   0.14556  
76        0.15149   0.20424   0.13532  
77        0.13857   0.18683   0.12379  
78        0.12432   0.16762   0.11106  
79        0.10887   0.14679   0.097259 
80        0.092379  0.12455   0.082524 
81        0.074994  0.10111   0.066993 
82        0.056887  0.076699  0.050818 
83        0.038232  0.051546  0.034153 
84        0.019208  0.025898  0.017159 
85        0         0         1.0719e-17
86        0.24731   -1.7635   0.22197  
87        0.24612   -1.755    0.2209   
88        0.24256   -1.7296   0.21771  
89        0.23666   -1.6875   0.21241  
90        0.22849   -1.6292   0.20508  
91        0.21811   -1.5553   0.19576  
92        0.20563   -1.4663   0.18456  
93        0.19118   -1.3632   0.17159  
94        0.17488   -1.247    0.15696  
95        0.15689   -1.1187   0.14082  
96        0.1374    -0.97974  0.12332  
97        0.11658   -0.8313   0.10464  
98        0.094643  -0.67486  0.084945 
99        0.071791  -0.51191  0.064435 
100       0.048248  -0.34404  0.043305 
101       0.024241  -0.17285  0.021757 
102       0         0         1.3592e-17
103       0.30025   -0.39452  0.27102  
104       0.2988    -0.39262  0.26972  
105       0.29448   -0.38694  0.26582  
106       0.28732   -0.37754  0.25935  
107       0.27739   -0.36449  0.25039  
108       0.26479   -0.34794  0.23902  
109       0.24965   -0.32803  0.22535  
110       0.23209   -0.30497  0.2095   
111       0.21231   -0.27897  0.19164  
112       0.19048   -0.25028  0.17194  
113       0.16681   -0.21919  0.15057  
114       0.14154   -0.18598  0.12776  
115       0.1149    -0.15098  0.10372  
116       0.087157  -0.11452  0.078674 
117       0.058575  -0.076968 0.052874 
118       0.029429  -0.03867  0.026565 
119       0         0         1.6595e-17
120       0.35511   1.7343    0.32269  
121       0.3534    1.726     0.32114  
122       0.34829   1.701     0.31649  
123       0.33982   1.6597    0.3088   
124       0.32808   1.6023    0.29813  
125       0.31318   1.5295    0.28459  
126       0.29527   1.442     0.26831  
127       0.27451   1.3407    0.24944  
128       0.2511    1.2264    0.22818  
129       0.22528   1.1002    0.20471  
130       0.19729   0.96354   0.17928  
131       0.1674    0.81756   0.15212  
132       0.1359    0.6637    0.12349  
133       0.10308   0.50345   0.093672 
134       0.069279  0.33835   0.062954 
135       0.034807  0.16999   0.031629 
136       0         0         1.9759e-17
137       0.41226   0.52267   0.37747  
138       0.41028   0.52016   0.37565  
139       0.40434   0.51263   0.37022  
140       0.39451   0.50017   0.36122  
141       0.38088   0.48289   0.34874  
142       0.36358   0.46096   0.3329   
143       0.34278   0.43459   0.31385  
144       0.31868   0.40403   0.29179  
145       0.29151   0.36959   0.26691  
146       0.26154   0.33158   0.23946  
147       0.22904   0.29038   0.20971  
148       0.19434   0.24639   0.17794  
149       0.15777   0.20002   0.14445  
150       0.11967   0.15172   0.10957  
151       0.080428  0.10197   0.073641 
152       0.040409  0.051231  0.036999 
153       0         0         2.3113e-17
154       0.47206   -1.6957   0.43589  
155       0.46979   -1.6875   0.43379  
156       0.46299   -1.6631   0.42751  
157       0.45174   -1.6227   0.41712  
158       0.43613   -1.5666   0.40271  
159       0.41632   -1.4955   0.38442  
160       0.39251   -1.4099   0.36243  
161       0.36491   -1.3108   0.33695  
162       0.3338    -1.199    0.30822  
163       0.29947   -1.0757   0.27653  
164       0.26226   -0.94209  0.24217  
165       0.22253   -0.79935  0.20548  
166       0.18065   -0.64892  0.16681  
167       0.13703   -0.49224  0.12653  
168       0.092095  -0.33082  0.085038 
169       0.04627   -0.16621  0.042725 
170       0         0         2.6691e-17
171       0.5349    -0.64797  0.49851  
172       0.53232   -0.64485  0.49611  
173       0.52462   -0.63552  0.48894  
174       0.51187   -0.62007  0.47705  
175       0.49418   -0.59865  0.46057  
176       0.47174   -0.57146  0.43965  
177       0.44475   -0.53877  0.4145   
178       0.41348   -0.50089  0.38536  
179       0.37823   -0.45819  0.3525   
180       0.33934   -0.41107  0.31625  
181       0.29717   -0.35999  0.27696  
182       0.25215   -0.30545  0.235    
183       0.2047    -0.24797  0.19077  
184       0.15527   -0.1881   0.14471  
185       0.10435   -0.12641  0.097255 
186       0.052429  -0.063512 0.048863 
187       0         0         3.0525e-17
188       0.60117   1.6478    0.56595  
189       0.59828   1.6399    0.56322  
190       0.58962   1.6162    0.55507  
191       0.57529   1.5769    0.54158  
192       0.55541   1.5224    0.52287  
193       0.53019   1.4533    0.49912  
194       0.49986   1.3701    0.47057  
195       0.46471   1.2738    0.43748  
196       0.42509   1.1652    0.40019  
197       0.38138   1.0454    0.35903  
198       0.33399   0.91549   0.31442  
199       0.28339   0.77678   0.26679  
200       0.23006   0.6306    0.21658  
201       0.17451   0.47834   0.16429  
202       0.11728   0.32148   0.11041  
203       0.058925  0.16152   0.055473 
204       0         0         3.4654e-17
205       0.67132   0.76973   0.63884  
206       0.66808   0.76602   0.63576  
207       0.65842   0.75494   0.62656  
208       0.64241   0.73659   0.61133  
209       0.62022   0.71114   0.59021  
210       0.59205   0.67884   0.56341  
211       0.55818   0.64001   0.53118  
212       0.51893   0.59501   0.49383  
213       0.47469   0.54428   0.45173  
214       0.42588   0.48831   0.40528  
215       0.37296   0.42764   0.35492  
216       0.31646   0.36285   0.30115  
217       0.2569    0.29456   0.24447  
218       0.19487   0.22344   0.18545  
219       0.13097   0.15017   0.12463  
220       0.065801  0.075447  0.062617 
221       0         0         3.9118e-17
222       0.74578   -1.591    0.71789  
223       0.74218   -1.5833   0.71444  
224       0.73145   -1.5604   0.7041   
225       0.71366   -1.5224   0.68698  
226       0.68901   -1.4699   0.66325  
227       0.65772   -1.4031   0.63313  
228       0.62009   -1.3228   0.59691  
229       0.57649   -1.2298   0.55494  
230       0.52734   -1.125    0.50763  
231       0.47312   -1.0093   0.45543  
232       0.41433   -0.88389  0.39884  
233       0.35156   -0.74997  0.33841  
234       0.2854    -0.60883  0.27473  
235       0.21649   -0.46183  0.20839  
236       0.14549   -0.31038  0.14005  
237       0.073099  -0.15594  0.070366 
238       0         0         4.3958e-17
239       0.82503   -0.88729  0.80387  
240       0.82106   -0.88302  0.8      
241       0.80918   -0.87024  0.78843  
242       0.7895    -0.84908  0.76926  
243       0.76223   -0.81975  0.74268  
244       0.72761   -0.78252  0.70895  
245       0.68599   -0.73775  0.6684   
246       0.63776   -0.68588  0.6214   
247       0.58338   -0.62741  0.56842  
248       0.52339   -0.56289  0.50997  
249       0.45836   -0.49295  0.44661  
250       0.38892   -0.41826  0.37894  
251       0.31573   -0.33955  0.30763  
252       0.23949   -0.25757  0.23335  
253       0.16096   -0.1731   0.15683  
254       0.080867  -0.086969 0.078793 
255       0         0         4.9223e-17
256       0.90959   1.5254    0.89761  
257       0.90521   1.518     0.89329  
258       0.89211   1.4961    0.88036  
259       0.87042   1.4597    0.85896  
260       0.84035   1.4093    0.82928  
261       0.80219   1.3453    0.79162  
262       0.7563    1.2683    0.74633  
263       0.70312   1.1791    0.69386  
264       0.64318   1.0786    0.6347   
265       0.57704   0.9677    0.56944  
266       0.50534   0.84746   0.49868  
267       0.42878   0.71907   0.42313  
268       0.34809   0.58374   0.3435   
269       0.26404   0.4428    0.26056  
270       0.17745   0.29759   0.17511  
271       0.089155  0.14951   0.087981 
272       0         0         5.4963e-17
273       1         1         1        
274       0.99518   0.99518   0.99518  
275       0.98079   0.98079   0.98079  
276       0.95694   0.95694   0.95694  
277       0.92388   0.92388   0.92388  
278       0.88192   0.88192   0.88192  
279       0.83147   0.83147   0.83147  
280       0.77301   0.77301   0.77301  
281       0.70711   0.70711   0.70711  
282       0.63439   0.63439   0.63439  
283       0.55557   0.55557   0.55557  
284       0.4714    0.4714    0.4714   
285       0.38268   0.38268   0.38268  
286       0.29028   0.29028   0.29028  
287       0.19509   0.19509   0.19509  
288       0.098017  0.098017  0.098017 
289       0         0         6.1232e-17
