Table of comparison: unstructured triangle vs analytic
Contains entries in form T/T0

Node      triangle  analytic 
1         0.033039  0.03304  
2         0         0        
3         0         0        
4         0.03953   0.039534 
5         0.066277  0.066271 
6         0         0        
7         0.034253  0.034228 
8         0.080007  0.080005 
9         0         0        
10        0.032621  0.03262  
11        0         0        
12        0.063577  0.063561 
13        0.030284  0.030275 
14        0.10117   0.10116  
15        0         0        
16        0.06914   0.069145 
17        0.02851   0.028503 
18        0         0        
19        0.11561   0.1156   
20        0.061558  0.061531 
21        0.026865  0.026858 
22        0         0        
23        0.094393  0.094377 
24        0.05818   0.058169 
25        0.025248  0.025241 
26        0.1367    0.13668  
27        0         0        
28        0.055072  0.055061 
29        0.023618  0.023612 
30        0.089753  0.089728 
31        0.10789   0.10786  
32        0         0        
33        0.051968  0.051956 
34        0.15174   0.15172  
35        0.08849   0.088492 
36        0.021943  0.021936 
37        0         0        
38        0.12985   0.12982  
39        0.048828  0.048815 
40        0.084487  0.084477 
41        0.020195  0.020189 
42        0.17308   0.17305  
43        0         0        
44        0.04559   0.045578 
45        0.08007   0.080054 
46        0.12131   0.12127  
47        0.018362  0.018356 
48        0         0        
49        0.042205  0.042193 
50        0.14309   0.14308  
51        0.075565  0.075548 
52        0.18882   0.18878  
53        0.016438  0.016433 
54        0.11557   0.11554  
55        0         0        
56        0.038642  0.038631 
57        0.16603   0.16599  
58        0.070908  0.07089  
59        0.10971   0.10969  
60        0.014425  0.01442  
61        0.21054   0.21049  
62        0         0        
63        0.034889  0.034879 
64        0.066014  0.065997 
65        0.10388   0.10386  
66        0.15542   0.15541  
67        0.01233   0.012325 
68        0.14877   0.14877  
69        0         0        
70        0.030949  0.030939 
71        0.060838  0.060822 
72        0.17841   0.17836  
73        0.097918  0.097896 
74        0.22714   0.22709  
75        0.010165  0.010159 
76        0.14114   0.14111  
77        0         0        
78        0.026835  0.026825 
79        0.055362  0.055346 
80        0.20338   0.20333  
81        0.091642  0.09162  
82        0.0079393 0.0079293
83        0.13393   0.13391  
84        0.2493    0.24925  
85        0         0        
86        0.022565  0.022556 
87        0.049586  0.049572 
88        0.18635   0.18634  
89        0.084972  0.084951 
90        0.12669   0.12667  
91        0.0056327 0.0056203
92        0.17433   0.17428  
93        0         0        
94        0.018168  0.018157 
95        0.04353   0.043517 
96        0.077879  0.077858 
97        0.21592   0.21587  
98        0.26695   0.2669   
99        0.11913   0.1191   
100       0.00326   0.003249 
101       0.16588   0.16586  
102       0         0        
103       0.013652  0.013633 
104       0.037224  0.037211 
105       0.24246   0.24241  
106       0.070364  0.070344 
107       0.11108   0.11105  
108       0.0012118 0.0012306
109       0         0        
110       0.15737   0.15734  
111       0.28961   0.28955  
112       0         2.0995e-18
113       0.0088933 0.0088913
114       0.030693  0.030685 
115       0.20543   0.20539  
116       0.062447  0.06243  
117       0.10248   0.10245  
118       0.22855   0.22849  
119       0.0037571 0.0038138
120       0.14855   0.14852  
121       0.19989   0.19989  
122       0         4.2121e-18
123       0.02399   0.023987 
124       0.054171  0.054156 
125       0.093323  0.093298 
126       0.30841   0.30835  
127       0.25632   0.25627  
128       0.1392    0.13917  
129       0.0042044 0.0042041
130       0.19026   0.19023  
131       0         6.3509e-18
132       0.017129  0.017096 
133       0.28329   0.28324  
134       0.045578  0.04556  
135       0.0098219 0.0098691
136       0.083637  0.083613 
137       0.1292    0.12917  
138       0.0071692 0.0071513
139       0.18005   0.18002  
140       0.33171   0.33165  
141       0.23954   0.23948  
142       0         8.5291e-18
143       0.036616  0.036621 
144       0.073445  0.073429 
145       0.11852   0.11848  
146       0.018011  0.017953 
147       0.01043   0.010386 
148       0.2695    0.26945  
149       0.16942   0.16938  
150       0.22618   0.22611  
151       0         1.076e-17
152       0.02752   0.027559 
153       0.062822  0.062812 
154       0.35173   0.35166  
155       0.10717   0.10714  
156       0.29807   0.29803  
157       0.013183  0.013194 
158       0.1581    0.15807  
159       0.022991  0.023046 
160       0.21396   0.21391  
161       0         1.3059e-17
162       0.32578   0.32572  
163       0.029234  0.029282 
164       0.051796  0.051753 
165       0.095164  0.095136 
166       0.14598   0.14595  
167       0.016131  0.016139 
168       0.20187   0.20182  
169       0.039814  0.039833 
170       0.028903  0.028921 
171       0.37589   0.37582  
172       0.28457   0.28456  
173       0         1.5438e-17
174       0.037507  0.037515 
175       0.26471   0.26462  
176       0.082429  0.082425 
177       0.13313   0.1331   
178       0.019105  0.019112 
179       0.31203   0.31199  
180       0.18926   0.18922  
181       0.035045  0.03505  
182       0.25052   0.25046  
183       0         1.7913e-17
184       0.047162  0.047123 
185       0.055556  0.055486 
186       0.39717   0.3971   
187       0.069284  0.069309 
188       0.11947   0.11944  
189       0.34141   0.34136  
190       0.022062  0.022072 
191       0.17579   0.17575  
192       0.041114  0.041132 
193       0.23676   0.23671  
194       0         2.05e-17 
195       0.056342  0.056365 
196       0.37016   0.3701   
197       0.066989  0.067059 
198       0.10488   0.10484  
199       0.025047  0.025056 
200       0.16149   0.16147  
201       0.29942   0.29937  
202       0.22279   0.22274  
203       0.42239   0.42232  
204       0.047205  0.047228 
205       0.073825  0.073869 
206       0.32537   0.3253   
207       0         2.3214e-17
208       0.2894    0.28939  
209       0.088643  0.088654 
210       0.065784  0.065812 
211       0.07958   0.079601 
212       0.028107  0.028115 
213       0.14669   0.14665  
214       0.088056  0.08805  
215       0.35558   0.35552  
216       0.20808   0.20803  
217       0.053357  0.053379 
218       0         2.6072e-17
219       0.2744    0.27435  
220       0.075323  0.075356 
221       0.44503   0.44495  
222       0.031296  0.031302 
223       0.38664   0.38658  
224       0.092713  0.092727 
225       0.13032   0.13034  
226       0.19226   0.19224  
227       0.10483   0.10478  
228       0.11268   0.11259  
229       0.059654  0.059674 
230       0.25887   0.25882  
231       0         2.9093e-17
232       0.41674   0.41667  
233       0.08494   0.084979 
234       0.03466   0.034664 
235       0.33419   0.33412  
236       0.10596   0.106    
237       0.17593   0.17593  
238       0.47153   0.47144  
239       0.2429    0.24285  
240       0.12138   0.1214   
241       0.066203  0.066218 
242       0.36864   0.36858  
243       0         3.2294e-17
244       0.13143   0.13148  
245       0.31549   0.3154   
246       0.094753  0.09479  
247       0.038238  0.038238 
248       0.13866   0.13866  
249       0.11941   0.11946  
250       0.16071   0.16066  
251       0.4013    0.40124  
252       0.22621   0.22615  
253       0.073102  0.07311  
254       0.13853   0.13857  
255       0         3.5697e-17
256       0.29792   0.29785  
257       0.15134   0.15136  
258       0.10491   0.10493  
259       0.49562   0.49553  
260       0.15876   0.15871  
261       0.042061  0.042059 
262       0.43415   0.43408  
263       0.13312   0.13318  
264       0.20702   0.20703  
265       0.080435  0.080436 
266       0.15616   0.15622  
267       0.28032   0.28027  
268       0         3.9321e-17
269       0.46581   0.46573  
270       0.11555   0.11556  
271       0.17252   0.17256  
272       0.1888    0.18881  
273       0.3832    0.3832   
274       0.18227   0.18228  
275       0.046151  0.046148 
276       0.18658   0.18662  
277       0.35896   0.35885  
278       0.14724   0.14728  
279       0.5236    0.5235   
280       0.088273  0.088268 
281       0.26243   0.26238  
282       0.17419   0.17426  
283       0         4.3189e-17
284       0.41494   0.4149   
285       0.12682   0.12683  
286       0.33988   0.3398   
287       0.19458   0.19464  
288       0.050489  0.05049  
289       0.20764   0.20765  
290       0.16194   0.16197  
291       0.21411   0.2141   
292       0.44941   0.44935  
293       0.21497   0.21492  
294       0.096659  0.096652 
295       0.24553   0.24545  
296       0.19272   0.19278  
297       0         4.7326e-17
298       0.32133   0.32124  
299       0.13886   0.13885  
300       0.54926   0.54916  
301       0.21729   0.21735  
302       0.054776  0.054789 
303       0.48425   0.48417  
304       0.17744   0.17744  
305       0.23422   0.23425  
306       0.24372   0.2437   
307       0.1055    0.1055   
308       0.21191   0.21195  
309       0.24704   0.24696  
310       0         5.1758e-17
311       0.30059   0.30058  
312       0.39748   0.39742  
313       0.51771   0.51762  
314       0.15174   0.15173  
315       0.24064   0.2407   
316       0.4274    0.42732  
317       0.057397  0.057419 
318       0.38376   0.38375  
319       0.19392   0.19391  
320       0.26176   0.2618   
321       0.57892   0.57881  
322       0.28045   0.28042  
323       0.11403   0.11403  
324       0.27473   0.27473  
325       0.23202   0.23204  
326       0         5.6332e-17
327       0.46268   0.46261  
328       0.28051   0.28049  
329       0.28087   0.28089  
330       0.1654    0.16537  
331       0.36458   0.36451  
332       0.2648    0.26485  
333       0.052368  0.052325 
334       0.21162   0.21158  
335       0.29025   0.2903   
336       0.50005   0.49997  
337       0.1194    0.1193   
338       0.25336   0.25334  
339       0         6.1232e-17
340       0.3071    0.30712  
341       0.34767   0.34758  
342       0.17904   0.17897  
343       0.31576   0.31573  
344       0.60629   0.60618  
345       0.29004   0.29006  
346       0.31759   0.31755  
347       0.078745  0.078745 
348       0.3138    0.31371  
349       0.53724   0.53715  
350       0.23086   0.23081  
351       0.3198    0.31984  
352       0.27643   0.27637  
353       0.4334    0.4333   
354       0.34085   0.34088  
355       0.157     0.157    
356       0.57276   0.57266  
357       0.18914   0.18914  
358       0.31685   0.31683  
359       0.35287   0.35285  
360       0.47306   0.473    
361       0.357     0.35694  
362       0.25288   0.25287  
363       0.40935   0.4093   
364       0.35482   0.35472  
365       0.35072   0.35073  
366       0.63785   0.63773  
367       0.30201   0.30191  
368       0.37609   0.3761   
369       0.51269   0.5126   
370       0.23428   0.23428  
371       0.34659   0.34654  
372       0.38811   0.38805  
373       0.39186   0.39185  
374       0.39867   0.39862  
375       0.38389   0.38385  
376       0.39817   0.39812  
377       0.39252   0.39252  
378       0.55355   0.55346  
379       0.32591   0.32588  
380       0.31011   0.31011  
381       0.41328   0.41328  
382       0.66708   0.66696  
383       0.38351   0.38352  
384       0.4329    0.43288  
385       0.59347   0.59337  
386       0.42124   0.42111  
387       0.44274   0.44269  
388       0.48097   0.48091  
389       0.4441    0.44403  
390       0.45814   0.4581   
391       0.45443   0.45442  
392       0.43868   0.4386   
393       0.38401   0.38401  
394       0.63137   0.63125  
395       0.42777   0.42767  
396       0.52058   0.52042  
397       0.47677   0.47669  
398       0.45715   0.45711  
399       0.48951   0.48945  
400       0.70072   0.7006   
401       0.45553   0.45553  
402       0.49304   0.49295  
403       0.50698   0.50699  
404       0.56545   0.56535  
405       0.48876   0.48863  
406       0.47775   0.47762  
407       0.52607   0.52586  
408       0.53979   0.5397   
409       0.61041   0.61033  
410       0.52421   0.52421  
411       0.5454    0.54534  
412       0.73192   0.73179  
413       0.54242   0.54228  
414       0.58435   0.58427  
415       0.65365   0.65352  
416       0.53294   0.53274  
417       0.51741   0.51727  
418       0.58964   0.58964  
419       0.59451   0.59436  
420       0.69402   0.69386  
421       0.60289   0.60291  
422       0.57186   0.57172  
423       0.60013   0.59999  
424       0.59085   0.5907   
425       0.57921   0.57909  
426       0.76793   0.76784  
427       0.64216   0.64213  
428       0.65141   0.65141  
429       0.62178   0.62174  
430       0.67277   0.67279  
431       0.66424   0.66404  
432       0.65248   0.65231  
433       0.67239   0.67233  
434       0.63807   0.63794  
435       0.62818   0.62805  
436       0.70914   0.70914  
437       0.80087   0.80077  
438       0.71926   0.71904  
439       0.73638   0.7363   
440       0.76246   0.76246  
441       0.71942   0.7192   
442       0.70149   0.70132  
443       0.76061   0.76047  
444       0.67906   0.67896  
445       0.68223   0.6823   
446       0.8399    0.83984  
447       0.78805   0.78792  
448       0.81104   0.81104  
449       0.77161   0.7713   
450       0.74806   0.74783  
451       0.74847   0.74818  
452       0.85459   0.85459  
453       0.83008   0.83002  
454       0.87362   0.87355  
455       0.83775   0.83788  
456       0.78792   0.78777  
457       0.81831   0.81828  
458       0.83044   0.83037  
459       0.89283   0.89283  
460       0.92552   0.92552  
461       0.81729   0.81724  
462       0.9171    0.91707  
463       0.88302   0.88309  
464       0.88725   0.88733  
465       0.85706   0.85695  
466       0.95247   0.95247  
467       0.94769   0.94753  
468       0.9216    0.92154  
469       0.9735    0.9735   
470       0.90313   0.90321  
471       1         1        
472       0.98849   0.98849  
473       0.99712   0.99712  
